0.4154112117016714
0.4154112117016714
0.4183959321701016
0.4183959321701016
0.41860684280142546
0.42024479614724597
0.42036744795244374
0.42046283924773736
0.4205977640091698
0.42186640325398383
0.42186640325398383
0.4223432216502721
0.42868557093679754
0.43229814917417186
0.4416233926129054
0.44642272567803665
0.4466556061085271
0.4466556061085271
0.4466556061085271
0.44976836685383353
0.44976836685383353
0.44976836685383353
0.44976836685383353
0.44976836685383353
0.4498268739469072
0.4498268739469072
0.4498268739469072
0.4498268739469072
0.4498268739469072
0.44984734169623297
