[]
[]
[0.10870791687433479, 0.1695319915065655, 0.29768319038974955, 0.4560012380018996]
[]
[0.5289245063865052, 0.6455557724970099, 0.6994923054899068, 0.8913293837514391]
[0.2775624136547893, 0.5062706742529058, 0.6753141885275629, 0.7820109545427584]
[0.3961696353631924, 0.47528393614543485, 0.5549551729687611, 0.6010952772605238, 0.6151284909567518, 0.6381564311510048, 0.665333113283014, 0.9167654291267393]
[0.1504098266381212, 0.29054015213567497, 0.3249586217624377, 0.5487033042585184, 0.6098462540585731, 0.6391377539998188, 0.6609350434839366, 0.7402594756211424]
[0.19135055216129804, 0.3030785534979048, 0.4278185580893398, 0.6845755721845844]
[0.011788796427898873, 0.3372768118634788, 0.3616228040384173, 0.8925540669465023]
[]
[0.13874658613330104, 0.29683512879520857, 0.49974761196909523, 0.637466650149085]
[0.1329221008667677, 0.27360612952557195, 0.3676331360990285, 0.7935203059208095]
[0.040445019383197445, 0.1546248726353927, 0.7061186880150238, 0.7981161508007235]
[0.0834129860132129, 0.23592709315846971, 0.3782063943880424, 0.8444493669871876]
[0.08743258088473205, 0.11071551040618632, 0.2042128411446833, 0.5567476422287464]
[0.14045032785027656, 0.4179805268896759, 0.5479599176952625, 0.7822791778510682]
[]
[]
[0.0034738523180442016, 0.39079818633091945]
[]
[]
[]
[]
[0.16789981585747293, 0.5365183390913307, 0.7058987241204046, 0.7348941041255733, 0.8956862224209502, 0.915542813717376, 0.9532563392053848, 0.9645010874474441]
[]
[]
[]
[]
[0.17577383926080126, 0.17823296457894822, 0.2461718542762099, 0.6131116436435259, 0.8063762786652771, 0.8987214716043602, 0.9127256033594826, 0.9202037196217018]
